1 10
100 200
201 210
99 100
1 1
2 2
11 11
12 12
999999 999999
5 9
50 51
1 92
92 100
3 10
5 6
92 478
52 522
73 657
55 66
12 34
45 56
67 78
78 89
99 111
123 456
678 789
123 321
234 345
94 143
192 293
374 596
384 503
1038 1039
200 234
597 837
26 141
182 478
629 662
91 218
67 77
52 60
11 13
11 20
11 23
23 56
64 78
102 203
293 304
473 586
33 44
33 55
44 77
77 99
98 102
103 364
263 364
333 444
333 400
400 500
93 102
900 901
800 900
1 7
2 8
5 12
2 27
2 90
3 30
3 10
12 13
15 20
22 56
94 803
9000 9001
90000 90001
1234 4321
123 321
234 432
345 543
456 654
567 765
678 876
789 987
890 1092
100 120
120 130
150 200
330 444
1 20
123 300 dog
2 19
1 17
2 15
3 8 3 4
102 203 645
203 325 102
900 1000 -5
9 12 dog cat
12 64
99 200
67 92 cat
30633 835577
886172 951388
577240 580134
335863 432676
103029 643685
663026 902626
202681 952357
46367 785899
220293 595693
889407 995712
482475 505497
402632 510419
292642 706455
460984 881438
30348 394144
169514 342718
639771 896956
158917 908983
819487 938842
845502 985071
28570 916193
218701 571201
691240 794173
714704 998682
271225 945664
471722 639314
437379 768926
341150 902256
691098 726687
386805 705229
50261 968508
808187 887119
160530 463690
114129 595675
35343 209274
77508 271063
220305 895753
611051 706432
148523 817572
3694 392176
63630 485489
388543 616985
774404 865806
245187 700654
506126 863304
540063 987130
194118 589561
122446 389504
46614 428829
116823 265293
234904 329030
242340 916325
82660 373008
182751 413737
97010 219498
787222 908737
7966 407891
777924 969698
114642 593520
593685 981871
226712 823116
162430 446248
298597 523386
229667 839074
149011 581667
328870 465187
240968 734184
173830 856112
67968 230024
914240 930627
401389 579458
434671 759776
186600 682501
28448 396574
101265 318120
251015 707816
877297 983148
124614 681094
344423 512113
438005 712451
347214 477911
290817 394462
335454 917497
2496 74685
609373 759756
121195 611626
651865 808204
455894 657103
558830 724264
307524 630879
7436 288532
152430 251676
239743 523262
136021 257872
251361 989516
24577 700597